34.88 34.73 221.18 203.38 48.10 69.01 67.71 25.75 48.38 43.80 28.62 38.07 74.11 209.50 43.95 59.25 241.35 70.13
50000.00 50000.00 50000.00 50000.00 50000.00 50000.00 50000.00 50000.00 50000.00 50000.00 50000.00 50000.00 50000.00 50000.00 50000.00 50000.00 2847.01 50000.00
393.56 210.75 293.43 420.07 309.69 254.56 163.81 755.04 270.23 214.97 107.46 226.22 286.20 233.53 336.95 482.57 539.63 306.06
50000.00 50000.00 50000.00 50000.00 50000.00 50000.00 50000.00 50000.00 50000.00 50000.00 50000.00 50000.00 50000.00 50000.00 50000.00 50000.00 50000.00 50000.00
2.13 2.01 4.57 2.20 1.95 1.97 2.02 2.08 1.97 5.34 4.69 5.60 18.85 4.85 24.38 4.80 12.97 13.45
50000.00 50000.00 50000.00 50000.00 50000.00 50000.00 50000.00 50000.00 50000.00 50000.00 50000.00 50000.00 50000.00 50000.00 50000.00 50000.00 50000.00 50000.00
45.78 27.59 66.20 50.18 38.12 35.82 35.94 32.32 49.42 40.30 21.57 30.49 49.95 28.10 108.40 42.17 55.39 50.63
50000.00 4928.99 2169.13 50000.00 50000.00 50000.00 50000.00 3967.26 50000.00 50000.00 50000.00 50000.00 2123.23 50000.00 3281.60 50000.00 3478.73 2293.16
2144.40 1342.20 583.66 3716.31 2778.00 1992.98 2290.81 2398.69 2783.26 3209.39 1314.48 1848.03 1325.55 2059.01 647.66 2253.95 1054.81 549.04
1733.50 50000.00 655.50 70.41 49.13 507.08 177.60 3734.07 49.63 170.76 468.01 378.74 2617.69 183.41 50000.00 880.17 689.32 50000.00
50000.00 622.81 50000.00 4124.27 50000.00 50000.00 2923.67 1935.46 50000.00 1532.20 1051.47 50000.00 1553.69 3094.52 1407.63 50000.00 50000.00 841.16
50000.00 50000.00 50000.00 4668.07 50000.00 50000.00 2570.30 50000.00 50000.00 50000.00 50000.00 50000.00 50000.00 2024.52 50000.00 50000.00 50000.00 1986.46
99.54 27.77 198.45 30.73 109.36 76.60 104.42 36.76 110.70 127.58 10.52 28.76 184.18 21.53 65.65 143.56 79.21 82.06
4672.05 50000.00 50000.00 50000.00 50000.00 50000.00 50000.00 50000.00 50000.00 50000.00 50000.00 50000.00 50000.00 50000.00 50000.00 50000.00 50000.00 50000.00
874.83 652.28 179.19 1076.37 1754.40 1841.54 927.47 2945.38 1762.46 1225.46 678.05 1217.45 270.17 1532.02 199.12 1504.13 1184.52 179.91
26.35 36.60 109.58 43.27 29.12 23.74 39.73 56.34 33.93 79.09 44.02 71.53 68.40 43.86 273.95 36.12 170.41 123.83
0.00 0.00 0.00 0.00 0.00 0.00 0.00 0.00 0.00 0.01 0.01 0.01 0.01 0.01 0.00 0.01 0.01 0.03
1058.19 382.68 1004.30 3050.01 2676.85 2865.52 2168.72 3307.65 2661.53 706.26 404.33 644.05 346.67 1251.52 245.65 2304.12 2716.52 404.27
29.04 19.99 55.39 20.66 17.15 19.66 33.84 13.02 20.70 484.03 452.86 612.71 90.34 487.67 168.76 520.68 41.62 35.02
50000.00 50000.00 50000.00 50000.00 50000.00 50000.00 50000.00 50000.00 50000.00 50000.00 50000.00 50000.00 50000.00 50000.00 50000.00 50000.00 50000.00 50000.00
50000.00 50000.00 50000.00 50000.00 50000.00 50000.00 50000.00 50000.00 50000.00 50000.00 50000.00 50000.00 50000.00 50000.00 50000.00 50000.00 50000.00 50000.00
50000.00 933.36 50000.00 3062.96 50000.00 50000.00 50000.00 326.48 50000.00 1570.10 719.01 2686.32 720.35 50000.00 598.39 50000.00 50000.00 724.46
3.59 10.79 1.27 6.66 0.30 4.96 2.70 6.13 1.14 63.32 9.58 11.68 0.57 14.77 13.99 14.59 715.76 4.75
588.01 50000.00 2917.88 50000.00 50000.00 50000.00 50000.00 50000.00 50000.00 50000.00 50000.00 50000.00 2351.41 50000.00 870.14 50000.00 50000.00 910.33
62.65 37.54 58.59 47.07 32.33 41.81 43.49 37.23 32.65 35.92 34.63 31.62 38.06 64.47 112.73 41.26 58.30 61.57
1463.52 50000.00 50000.00 2588.30 847.94 1311.41 2905.29 50000.00 2872.98 50000.00 2127.38 50000.00 50000.00 1198.33 50000.00 3017.71 3769.99 50000.00
1.96 40.42 54.59 47.20 4.49 1.55 14.36 49.64 4.56 21.97 4.34 12.50 54.22 6.31 37.79 34.82 91.01 37.98
50000.00 50000.00 3361.15 50000.00 50000.00 50000.00 50000.00 50000.00 50000.00 50000.00 50000.00 4933.57 3990.07 1057.43 50000.00 50000.00 50000.00 50000.00
0.01 0.02 0.04 0.02 0.02 0.02 0.01 0.01 0.01 0.01 0.02 0.02 0.08 0.02 0.02 0.03 0.05 0.06
50000.00 50000.00 50000.00 50000.00 50000.00 50000.00 50000.00 50000.00 50000.00 50000.00 50000.00 50000.00 50000.00 50000.00 50000.00 50000.00 50000.00 50000.00
11.00 44.44 326.41 4.95 10.45 29.35 19.10 24.47 10.40 63.54 293.98 20.33 14.23 13.12 678.17 102.05 43.89 300.76
859.28 150.13 540.17 823.73 544.08 260.19 574.98 1243.55 503.22 1000.85 1773.46 73.12 280.45 2573.58 149.93 1092.68 308.87 178.00
50000.00 50000.00 50000.00 50000.00 50000.00 50000.00 50000.00 50000.00 50000.00 50000.00 50000.00 50000.00 50000.00 50000.00 50000.00 50000.00 50000.00 50000.00
107.83 67.16 175.03 182.63 92.07 144.37 116.01 82.00 96.04 112.38 61.39 86.33 75.89 98.13 74.76 93.44 256.14 81.83
47.51 38.80 31.94 12.88 6.82 59.70 22.99 54.13 6.97 31.41 10.89 117.17 51.26 42.29 102.23 44.76 415.54 69.74
50000.00 50000.00 50000.00 50000.00 50000.00 50000.00 50000.00 50000.00 50000.00 50000.00 50000.00 50000.00 50000.00 50000.00 50000.00 50000.00 50000.00 50000.00
50000.00 960.83 3636.04 2037.75 50000.00 50000.00 50000.00 380.92 50000.00 1747.50 730.08 4911.63 1100.02 50000.00 1677.10 50000.00 50000.00 1238.91
89.06 83.16 31.63 259.74 194.62 204.07 176.39 144.81 195.93 128.68 91.83 95.00 128.16 163.30 52.79 133.02 28.46 79.66
50000.00 1132.90 50000.00 50000.00 50000.00 50000.00 3097.03 4636.38 50000.00 2534.82 1129.19 50000.00 1828.60 2764.68 2178.73 50000.00 50000.00 1614.20
6.28 5.01 16.55 4.11 5.56 6.33 5.45 4.53 5.62 5.39 4.81 4.33 40.07 6.48 113.96 7.18 19.97 18.46
8.02 29.72 9.94 11.19 10.19 13.72 12.26 17.80 10.32 19.52 11.95 20.24 59.71 15.96 59.82 17.72 39.58 92.36
50000.00 50000.00 50000.00 50000.00 50000.00 50000.00 50000.00 50000.00 50000.00 50000.00 50000.00 50000.00 50000.00 50000.00 50000.00 50000.00 50000.00 50000.00
5.61 5.13 86.91 3.96 4.11 3.89 4.74 4.41 4.00 1263.94 1567.81 1705.08 66.49 1721.96 193.13 1570.44 21.46 27.59
0.01 0.01 0.03 0.01 0.01 0.01 50000.00 0.02 0.01 0.08 0.08 0.08 0.03 0.08 0.01 0.09 0.04 0.20
50000.00 50000.00 50000.00 50000.00 50000.00 50000.00 50000.00 50000.00 50000.00 50000.00 50000.00 50000.00 50000.00 50000.00 50000.00 50000.00 50000.00 50000.00
50000.00 4946.03 50000.00 50000.00 50000.00 50000.00 50000.00 50000.00 50000.00 50000.00 50000.00 50000.00 50000.00 50000.00 50000.00 50000.00 2476.89 4143.79
50000.00 50000.00 50000.00 50000.00 50000.00 50000.00 50000.00 50000.00 50000.00 50000.00 50000.00 50000.00 50000.00 50000.00 50000.00 50000.00 50000.00 50000.00
50000.00 1728.79 50000.00 50000.00 50000.00 50000.00 50000.00 935.02 50000.00 4746.19 1774.78 50000.00 1816.28 50000.00 1691.58 50000.00 2741.88 1775.87
50000.00 50000.00 50000.00 50000.00 50000.00 50000.00 50000.00 50000.00 50000.00 50000.00 50000.00 50000.00 50000.00 50000.00 50000.00 50000.00 50000.00 50000.00
2049.90 1923.74 2483.30 2113.68 2119.35 1804.09 2207.56 1644.38 2172.16 3174.17 1728.61 2700.48 3814.38 1816.85 50000.00 2858.29 2590.18 50000.00
11.30 31.34 14.81 7.84 18.52 17.01 9.99 59.38 18.65 4.92 1.12 1.94 38.10 6.71 21.25 10.54 22.53 16.38
50000.00 50000.00 1004.79 50000.00 50000.00 50000.00 50000.00 50000.00 50000.00 50000.00 50000.00 50000.00 50000.00 50000.00 50000.00 50000.00 4594.20 50000.00
768.54 50000.00 2302.65 2101.76 423.06 2865.07 421.73 50000.00 987.61 4132.91 3794.22 50000.00 376.67 137.09 1543.15 94.34 1504.48 50000.00
50000.00 3056.65 2505.47 50000.00 50000.00 50000.00 50000.00 50000.00 50000.00 50000.00 50000.00 50000.00 2209.49 50000.00 3486.91 50000.00 50000.00 3514.20
4.32 3.65 7.11 4.63 3.62 4.06 4.10 4.54 3.68 5.47 3.94 5.78 14.51 4.36 36.72 5.55 9.28 6.63
15.31 13.35 31.37 17.46 13.80 11.77 22.21 15.24 12.65 21.98 12.76 17.55 41.80 19.03 58.64 15.95 44.62 40.07
279.47 2969.74 50000.00 65.76 106.69 1402.42 151.56 50000.00 193.43 232.25 42.59 3948.05 797.08 63.55 50000.00 138.17 590.21 50000.00
144.25 34.34 381.30 306.31 120.82 274.57 108.51 100.85 231.62 159.78 79.59 232.29 162.15 43.81 101.03 115.93 216.22 100.64
382.60 168.22 50000.00 3732.83 1787.00 2961.09 4923.53 192.90 50000.00 350.77 263.83 306.45 50000.00 4393.68 50000.00 3700.08 50000.00 50000.00
2181.83 382.10 538.23 2447.80 3238.33 580.66 677.61 1153.49 3186.38 392.62 385.53 207.39 3673.20 1868.91 50000.00 124.84 143.33 1640.63
50000.00 50000.00 1309.74 50000.00 50000.00 50000.00 50000.00 50000.00 50000.00 50000.00 50000.00 50000.00 50000.00 50000.00 50000.00 50000.00 2697.36 2995.61
15.66 10.53 108.83 14.35 12.16 9.88 23.59 5.59 11.98 225.51 231.41 209.59 42.06 210.97 97.33 239.20 24.44 31.02
2647.10 50000.00 50000.00 3648.76 4972.16 50000.00 50000.00 50000.00 4986.02 50000.00 50000.00 4673.92 50000.00 50000.00 50000.00 50000.00 2766.08 50000.00
339.89 1372.30 234.08 293.96 218.45 332.90 1568.76 121.03 221.39 108.36 564.89 1877.54 128.51 71.44 13.78 50000.00 136.61 7.19
54.75 30.14 28.19 77.18 41.12 51.21 40.27 60.94 41.59 35.92 26.91 32.64 16.05 42.55 20.61 38.53 27.73 19.81
50000.00 50000.00 50000.00 50000.00 50000.00 50000.00 50000.00 50000.00 50000.00 50000.00 50000.00 50000.00 50000.00 50000.00 50000.00 50000.00 50000.00 50000.00
19.76 19.07 184.65 19.48 18.08 19.26 18.86 18.86 18.32 8.53 4.39 8.21 100.97 8.74 42.85 9.76 35.84 108.62
771.18 401.72 130.87 1340.14 644.44 620.46 352.81 1593.51 656.51 988.00 320.24 589.30 188.63 369.84 170.99 973.85 183.58 215.39
610.90 53.28 87.63 336.31 1234.72 1720.49 2910.59 293.64 1834.80 486.39 446.77 133.38 149.53 1509.56 62.50 4281.09 4915.63 87.99
50000.00 50000.00 50000.00 50000.00 50000.00 50000.00 50000.00 50000.00 50000.00 50000.00 50000.00 50000.00 50000.00 50000.00 50000.00 50000.00 50000.00 50000.00
50000.00 630.53 50000.00 50000.00 50000.00 50000.00 50000.00 50000.00 50000.00 2891.73 1871.40 3609.53 2915.60 50000.00 1071.50 50000.00 50000.00 1255.82
50000.00 50000.00 50000.00 50000.00 50000.00 50000.00 50000.00 50000.00 50000.00 50000.00 50000.00 50000.00 50000.00 50000.00 50000.00 50000.00 4067.62 50000.00
2638.07 1465.14 3155.97 682.66 2742.59 4010.27 2299.54 50000.00 3130.92 2133.72 803.44 2447.44 1401.06 987.32 627.86 4178.19 2072.90 608.16
43.66 27.70 40.11 124.43 78.57 77.99 79.05 216.63 91.57 97.47 69.71 70.01 61.37 77.68 33.40 128.00 152.26 35.21
0.74 0.76 1.68 0.77 0.76 0.75 0.79 0.78 0.77 1.55 1.52 1.49 6.75 1.39 11.12 1.46 4.96 2.44
391.07 3599.58 151.03 38.05 50000.00 50000.00 670.11 50000.00 50000.00 50000.00 2109.72 50000.00 4860.35 1048.60 1614.32 50000.00 42.51 1843.29
0.79 1.05 0.89 3.03 2.98 2.05 10.11 1.55 5.59 16.42 9.60 0.61 0.82 9.79 1.41 12.54 2.27 0.01
317.29 101.90 50000.00 474.86 738.81 396.67 4645.48 91.27 50000.00 50000.00 50000.00 1789.44 50000.00 4061.33 72.74 4314.29 50000.00 113.11
50000.00 50000.00 50000.00 50000.00 50000.00 50000.00 50000.00 50000.00 50000.00 50000.00 50000.00 50000.00 50000.00 50000.00 50000.00 50000.00 50000.00 50000.00
50000.00 50000.00 50000.00 50000.00 50000.00 50000.00 50000.00 50000.00 50000.00 50000.00 2318.75 50000.00 19.01 50000.00 50000.00 50000.00 4.63 50000.00
50000.00 2005.52 130.69 343.83 3706.17 845.26 637.79 444.36 2603.46 3630.21 349.93 50000.00 719.79 2094.41 94.59 50000.00 641.80 93.92
50000.00 50000.00 50000.00 50000.00 50000.00 50000.00 50000.00 50000.00 50000.00 50000.00 50000.00 50000.00 50000.00 50000.00 50000.00 50000.00 50000.00 50000.00
0.01 0.01 0.01 0.01 0.01 0.01 0.01 0.01 0.01 0.02 0.02 0.02 0.03 0.02 0.01 0.02 0.01 0.04
50000.00 50000.00 50000.00 50000.00 50000.00 50000.00 50000.00 50000.00 50000.00 50000.00 4269.69 50000.00 50000.00 50000.00 4573.78 50000.00 965.27 4021.42
79.08 44.41 117.28 241.20 81.00 42.53 639.00 82.11 80.35 114.62 62.37 28.52 80.56 406.62 24.89 734.01 104.29 33.50
188.00 55.03 46.62 45.01 6.34 125.34 128.72 23.80 6.35 77.35 49.04 44.78 55.68 142.13 70.38 125.29 23.66 30.07
50000.00 50000.00 50000.00 50000.00 50000.00 50000.00 50000.00 50000.00 50000.00 50000.00 50000.00 50000.00 50000.00 50000.00 50000.00 50000.00 50000.00 50000.00
12.59 8.65 56.33 17.58 13.37 10.52 14.60 11.95 13.70 11.29 10.47 7.67 27.80 11.86 16.94 25.76 25.44 23.48
163.12 29.82 84.82 40.04 32.41 29.24 29.27 119.06 46.80 32.64 25.69 31.11 64.77 28.47 34.28 166.81 50000.00 19.94
131.98 92.80 140.53 62.40 80.40 65.02 98.81 450.70 80.56 24.68 23.11 59.44 131.02 13.74 396.93 30.27 114.50 117.37
30.30 15.24 33.53 38.26 36.57 48.07 35.13 62.60 28.75 29.01 20.39 31.75 13.47 24.79 22.35 49.79 33.74 50.82
16.44 15.44 21.91 17.52 11.07 13.67 17.02 19.81 11.11 16.51 14.59 17.53 24.46 25.36 24.36 12.19 50000.00 16.12
275.51 61.75 1140.62 88.03 66.67 226.54 382.57 85.12 66.60 1658.59 531.77 36.69 64.15 22.13 50000.00 373.52 253.95 50000.00
2.96 2.69 5.46 2.87 2.57 3.06 2.89 2.76 2.59 4.27 3.59 4.23 16.62 3.68 15.31 3.84 9.19 5.93
0.01 0.01 0.03 0.01 0.01 0.01 50000.00 0.02 0.01 0.03 0.03 0.03 0.02 0.03 0.01 0.03 0.03 0.19
3533.26 3284.39 2254.91 50000.00 50000.00 50000.00 50000.00 2248.95 50000.00 50000.00 2757.35 50000.00 50000.00 50000.00 1971.87 50000.00 50000.00 2061.35
50000.00 50000.00 50000.00 50000.00 50000.00 50000.00 50000.00 50000.00 50000.00 50000.00 50000.00 50000.00 50000.00 50000.00 50000.00 50000.00 50000.00 50000.00
0.12 0.10 0.19 0.14 0.11 0.12 0.11 0.10 0.11 0.16 0.13 0.20 0.74 0.11 1.12 0.14 0.68 0.01
321.82 153.66 359.32 50000.00 659.33 437.88 617.93 1094.14 539.52 347.39 205.65 318.10 164.76 605.73 178.98 579.76 756.89 228.61
50000.00 50000.00 50000.00 50000.00 50000.00 50000.00 50000.00 50000.00 50000.00 50000.00 50000.00 50000.00 50000.00 50000.00 50000.00 50000.00 50000.00 50000.00
50000.00 50000.00 50000.00 50000.00 50000.00 50000.00 50000.00 50000.00 50000.00 50000.00 50000.00 50000.00 50000.00 50000.00 50000.00 50000.00 50000.00 50000.00
321.90 224.66 366.49 592.92 289.43 271.41 259.00 431.79 295.86 295.73 132.28 324.51 390.88 150.33 2119.36 271.36 253.47 1240.66
977.21 4976.85 1350.80 50000.00 1291.73 1433.54 1510.87 4243.34 1290.69 50000.00 3353.51 50000.00 50000.00 2852.52 50000.00 50000.00 50000.00 50000.00
0.00 0.00 0.00 0.00 0.00 0.00 0.00 0.00 0.00 0.01 0.00 0.01 0.01 0.01 0.00 0.01 0.01 0.03
2127.53 50000.00 50000.00 50000.00 50000.00 3617.25 50000.00 3857.42 50000.00 2396.60 3499.24 1914.58 50000.00 50000.00 549.09 50000.00 50000.00 4458.59
307.49 196.15 73.79 460.36 540.44 330.88 414.50 315.07 537.10 329.70 199.13 167.52 176.69 402.93 61.40 366.05 62.45 77.16
50000.00 50000.00 50000.00 50000.00 50000.00 50000.00 50000.00 50000.00 50000.00 50000.00 50000.00 50000.00 50000.00 50000.00 50000.00 50000.00 50000.00 50000.00
46.90 64.35 25.70 104.72 1489.34 273.45 687.70 17.30 1284.07 943.39 406.55 62.67 5.76 480.19 8.36 514.32 318.09 0.02
50000.00 50000.00 50000.00 50000.00 50000.00 50000.00 50000.00 50000.00 50000.00 50000.00 50000.00 4339.42 50000.00 50000.00 50000.00 50000.00 50000.00 3527.13
50000.00 2239.12 50000.00 2535.88 50000.00 1789.19 1845.30 830.80 50000.00 1305.34 1355.19 402.01 50000.00 50000.00 451.69 221.22 1539.72 330.85
50000.00 3414.61 50000.00 50000.00 50000.00 50000.00 1934.33 50000.00 50000.00 50000.00 50000.00 50000.00 50000.00 50000.00 762.10 50000.00 50000.00 1466.06
337.27 164.56 50000.00 3715.06 3454.79 3537.20 4916.96 174.44 50000.00 456.04 278.16 399.51 50000.00 2996.74 50000.00 3253.32 50000.00 50000.00
1.09 1.10 1.21 1.33 1.09 1.10 1.15 1.12 1.09 192.21 70.80 5.00 1.28 1.04 1.20 1.24 2.21 8.78
653.49 529.90 1394.79 182.24 2232.08 1149.58 13.49 40.43 2009.81 50000.00 50000.00 50000.00 44.29 50000.00 482.62 50000.00 21.68 453.56
1683.09 552.98 1938.60 593.12 1195.66 885.05 3998.74 686.44 1210.56 2494.79 980.85 2632.65 1039.44 50000.00 887.95 50000.00 1516.51 2156.47
50000.00 50000.00 50000.00 50000.00 50000.00 50000.00 50000.00 50000.00 50000.00 50000.00 50000.00 50000.00 50000.00 50000.00 50000.00 50000.00 50000.00 50000.00
514.43 50000.00 3762.25 20.16 506.33 362.99 65.64 50000.00 214.01 50000.00 50000.00 50000.00 135.47 144.69 68.86 75.06 342.55 729.33
314.23 2354.91 457.46 778.47 826.06 84.59 276.94 420.18 237.89 464.83 298.58 537.85 1360.07 125.38 2387.24 316.83 1098.87 50000.00
781.02 471.03 1830.76 3300.58 2064.84 1408.17 1293.32 1415.69 2072.22 1152.85 486.15 851.66 616.06 914.61 399.38 2492.59 1042.67 335.14
496.25 271.71 396.85 584.36 323.71 289.02 209.48 936.67 280.54 223.69 114.08 239.93 327.56 221.88 384.32 637.17 489.73 368.90
41.39 50.34 45.49 49.66 52.79 43.16 44.50 42.28 52.93 168.25 202.10 44.82 43.08 16.35 71.16 65.91 15.32 232.21
50000.00 50000.00 50000.00 50000.00 50000.00 50000.00 50000.00 50000.00 50000.00 50000.00 50000.00 50000.00 50000.00 50000.00 50000.00 50000.00 50000.00 50000.00
1.01 1.00 4.09 1.17 0.95 0.96 0.99 1.01 0.95 2.40 0.55 2.66 2.50 0.59 1.12 0.69 3.06 3.41
39.39 89.73 39.62 48.02 40.98 45.45 39.27 55.81 41.98 55.85 46.91 67.60 38.17 41.54 86.09 58.49 56.69 73.36
102.59 149.91 348.11 349.02 938.59 1872.04 4505.24 102.54 4916.24 1656.48 50000.00 248.34 66.92 2187.46 37.70 50000.00 1156.63 0.03
31.59 20.02 41.48 69.57 60.96 47.75 35.80 28.40 60.95 41.22 22.91 42.22 39.48 29.62 18.35 70.56 65.52 11.85
11.57 3.69 14.60 10.25 25.57 8.73 79.39 17.44 26.08 5.43 8.03 10.25 3.99 10.40 15.71 10.70 33.59 5.44
50000.00 50000.00 50000.00 50000.00 50000.00 50000.00 50000.00 50000.00 50000.00 50000.00 50000.00 50000.00 50000.00 50000.00 50000.00 50000.00 50000.00 50000.00
50000.00 50000.00 3083.06 50000.00 50000.00 3543.66 50000.00 50000.00 50000.00 50000.00 50000.00 2556.24 50000.00 50000.00 50000.00 50000.00 50000.00 50000.00
444.71 222.59 379.90 444.25 314.93 311.29 179.86 656.29 290.61 216.03 105.07 207.50 296.77 204.40 326.80 455.98 570.28 314.45
1089.88 357.51 50000.00 1595.55 983.94 938.80 1218.21 1013.70 1334.03 1147.48 433.68 336.92 50000.00 874.97 374.04 1416.27 50000.00 50000.00
54.13 2564.44 50000.00 4023.50 1213.83 99.09 967.43 50000.00 1235.07 50000.00 2317.73 50000.00 482.68 1217.59 1012.35 1347.33 388.12 220.71
1071.83 1089.52 418.99 2165.61 1981.37 1877.94 1291.75 1356.74 1930.25 1172.05 923.49 951.91 675.02 1758.94 486.27 1058.74 1118.70 381.96
50000.00 50000.00 50000.00 50000.00 50000.00 50000.00 50000.00 50000.00 50000.00 50000.00 50000.00 50000.00 50000.00 50000.00 50000.00 50000.00 50000.00 50000.00
50000.00 948.78 1816.74 650.51 50000.00 415.99 2191.57 2140.27 50000.00 1706.94 170.72 50000.00 50000.00 4706.04 201.28 3289.90 50000.00 271.44
50000.00 3823.31 50000.00 50000.00 50000.00 50000.00 50000.00 50000.00 50000.00 50000.00 50000.00 50000.00 50000.00 50000.00 50000.00 50000.00 50000.00 3303.24
13.76 17.43 34.81 4.01 13.71 15.96 8.78 19.10 14.01 31.77 8.30 21.20 18.21 13.75 28.03 17.56 16.19 5.81
48.24 31.64 12.49 15.18 18.48 17.31 11.19 43.52 18.92 20.48 17.77 63.23 47.79 9.80 28.93 25.99 23.37 231.65
0.74 0.84 1.64 0.98 0.77 0.78 0.82 0.95 0.77 241.11 5.15 1.39 1.12 0.76 1.35 644.78 1.54 8.76
67.04 51.83 83.17 85.27 79.70 14.27 52.26 75.48 78.73 42.08 63.99 35.11 50.22 54.84 63.34 33.18 127.20 61.87
15.83 5.45 252.02 3.93 15.08 10.43 5.17 4.65 7.58 7.11 5.64 8.29 50000.00 9.09 64.54 8.01 50000.00 136.69
1882.35 50000.00 978.93 615.53 261.67 3086.85 698.69 50000.00 256.16 50000.00 3355.37 50000.00 50000.00 145.21 50000.00 46.84 2791.65 50000.00
0.00 0.00 0.00 0.00 0.00 0.00 0.00 0.00 0.00 0.01 0.01 0.01 0.01 0.01 0.02 0.02 0.02 11.78
50000.00 1116.97 4162.90 2348.30 50000.00 50000.00 50000.00 441.70 50000.00 2279.48 1839.82 4539.33 1105.32 50000.00 1063.16 50000.00 50000.00 1310.60
85.64 35.81 212.06 47.44 29.44 37.63 74.85 52.28 29.31 42.83 92.73 36.24 53.88 16.61 78.98 120.56 122.39 54.06
164.55 39.87 120.07 85.80 110.58 238.70 44.35 69.01 109.33 1809.00 410.86 1567.79 267.93 44.55 1787.46 62.66 84.22 1022.94
351.19 312.70 240.70 439.29 402.27 293.91 311.45 504.75 403.72 471.25 403.27 257.52 173.44 309.12 374.31 413.93 361.99 389.20
108.79 31.07 102.17 179.48 63.79 41.09 68.54 93.12 63.89 39.17 21.74 28.65 46.85 55.41 35.30 45.07 50000.00 23.96
6.70 4.85 23.70 7.20 5.69 4.72 5.98 5.03 5.03 17.12 11.23 9.27 49.92 7.84 21.33 9.79 21.57 32.05
50000.00 2176.51 50000.00 50000.00 50000.00 50000.00 50000.00 1144.59 50000.00 50000.00 2648.10 50000.00 2654.56 50000.00 2432.68 50000.00 3091.14 3632.55
50000.00 50000.00 50000.00 50000.00 50000.00 50000.00 50000.00 50000.00 50000.00 50000.00 3130.60 50000.00 50000.00 50000.00 238.87 50000.00 50000.00 1083.56
10.92 9.30 20.86 11.23 12.72 11.53 10.84 13.78 12.70 25.11 26.57 21.95 38.68 21.57 60.92 22.75 23.38 12.75
50000.00 50000.00 17.04 50000.00 50000.00 50000.00 50000.00 50000.00 50000.00 50000.00 50000.00 50000.00 1363.50 50000.00 50000.00 50000.00 50000.00 50000.00
4.21 4.03 20.82 4.40 4.00 4.21 4.15 4.41 4.02 11.65 12.05 12.67 20.23 11.15 20.87 11.53 14.53 19.63
1931.51 858.93 2514.21 718.86 1109.74 1259.73 4126.30 784.15 1110.78 3551.98 1407.40 3664.13 1537.44 50000.00 1478.14 50000.00 2081.67 3800.54
6.56 5.50 7.35 14.78 21.55 4.17 7.62 3.61 9.83 539.48 5.25 9.02 34.96 37.33 13.90 5.71 34.26 17.69
2609.76 50000.00 3076.78 2549.89 50000.00 3254.49 50000.00 50000.00 50000.00 2893.27 3308.70 50000.00 2432.96 2601.04 2266.38 4071.63 2102.85 2464.24
18.90 28.58 13.55 38.56 23.89 19.01 25.83 264.21 23.98 77.06 31.86 62.18 42.79 32.77 5.82 31.43 16.77 1.82
1080.75 253.88 406.31 213.68 99.58 354.41 443.69 518.46 99.75 44.91 27.20 238.17 48.78 134.04 258.50 70.04 81.45 97.64
125.02 76.30 39.51 88.68 75.19 77.28 78.75 82.14 75.27 5.16 2.56 11.94 24.65 2.57 158.75 132.71 68.62 99.19
50000.00 50000.00 50000.00 50000.00 50000.00 50000.00 50000.00 50000.00 50000.00 50000.00 50000.00 50000.00 50000.00 50000.00 50000.00 50000.00 3884.71 50000.00
276.72 3918.10 1646.79 278.10 207.10 170.93 784.32 50000.00 213.10 3161.31 624.11 4090.62 584.55 988.96 316.34 958.71 139.31 551.03
15.23 15.70 5.20 12.22 3.93 3.43 2.00 10.16 4.69 2.70 2.14 17.14 19.87 2.90 39.05 2.56 7.47 13.33
50000.00 4782.82 4493.76 50000.00 50000.00 50000.00 50000.00 50000.00 50000.00 3284.96 2753.50 4465.05 4240.70 4582.14 4215.78 50000.00 50000.00 1218.25
50000.00 2764.42 50000.00 50000.00 50000.00 1310.08 2728.66 4173.83 50000.00 50000.00 50000.00 50000.00 1418.51 50000.00 2264.22 198.84 56.50 2557.55
50000.00 50000.00 50000.00 50000.00 50000.00 50000.00 50000.00 50000.00 50000.00 50000.00 50000.00 50000.00 50000.00 50000.00 50000.00 50000.00 50000.00 50000.00
50000.00 4497.08 4225.39 50000.00 50000.00 50000.00 50000.00 50000.00 50000.00 3916.94 2843.87 4833.65 4149.84 50000.00 2908.39 50000.00 50000.00 50000.00
50000.00 50000.00 50000.00 50000.00 50000.00 50000.00 50000.00 50000.00 50000.00 50000.00 50000.00 50000.00 50000.00 50000.00 50000.00 50000.00 50000.00 50000.00
8.92 5.43 14.85 6.65 4.34 4.34 6.25 6.83 4.39 7.16 3.54 7.90 19.37 6.40 34.30 5.61 12.36 25.87
3519.65 2271.05 477.61 50000.00 50000.00 50000.00 50000.00 50000.00 50000.00 4628.12 2270.49 3554.62 1966.71 50000.00 502.24 50000.00 689.06 493.14
133.35 451.88 157.79 85.30 82.89 107.78 60.19 446.71 83.68 206.15 145.01 300.02 360.76 153.90 426.02 257.21 320.11 596.95
17.87 11.46 49.00 10.55 9.36 9.42 10.34 1503.69 9.88 6.58 6.79 8.77 40.62 5.92 84.92 12.01 15.66 115.82
50000.00 50000.00 50000.00 50000.00 50000.00 50000.00 50000.00 50000.00 50000.00 50000.00 50000.00 50000.00 50000.00 50000.00 50000.00 50000.00 50000.00 50000.00
0.87 0.91 2.60 0.99 0.88 0.89 0.90 0.99 0.96 19.80 21.44 19.54 4.61 20.50 15.41 21.35 3.28 50000.00
0.01 0.01 0.05 0.01 0.01 0.01 0.01 0.01 0.01 0.02 0.02 0.02 0.16 0.02 0.03 0.02 0.07 0.05
4768.12 50000.00 50000.00 50000.00 50000.00 50000.00 50000.00 50000.00 50000.00 50000.00 50000.00 50000.00 50000.00 50000.00 585.52 50000.00 50000.00 728.73
13.98 14.48 33.99 26.05 21.28 16.60 18.03 19.01 21.19 12.71 12.87 7.42 24.76 17.52 27.06 20.21 55.13 42.72
50000.00 50000.00 50000.00 50000.00 50000.00 50000.00 640.83 50000.00 50000.00 50000.00 50000.00 50000.00 50000.00 4184.86 50000.00 50000.00 50000.00 50000.00
96.33 48.20 360.66 83.35 100.86 151.31 88.58 86.73 44.76 265.06 85.48 122.00 262.59 97.61 1050.63 168.56 569.53 836.15
4.67 6.06 56.86 6.87 6.23 6.53 5.58 9.66 5.64 39.97 7.30 56.44 10.64 7.37 9.08 10.22 27.35 7.51
50000.00 50000.00 50000.00 50000.00 50000.00 50000.00 50000.00 50000.00 50000.00 50000.00 50000.00 50000.00 50000.00 50000.00 50000.00 50000.00 50000.00 50000.00
4.06 4.71 17.24 6.37 5.41 4.29 5.98 6.02 5.54 9.05 5.59 5.94 8.58 3.91 18.77 9.12 9.68 22.16
0.76 0.74 1.85 0.84 0.77 0.74 0.81 0.76 0.78 1.99 2.06 1.92 5.43 1.98 11.14 1.99 4.70 2.49
50000.00 50000.00 50000.00 50000.00 50000.00 50000.00 50000.00 50000.00 50000.00 50000.00 50000.00 50000.00 50000.00 50000.00 50000.00 50000.00 50000.00 50000.00
1.25 1.36 3.31 1.85 1.04 1.60 1.64 1.41 1.05 2.08 2.51 2.54 3.18 1.16 1.29 2.44 2.44 2.43
50000.00 50000.00 50000.00 50000.00 50000.00 50000.00 50000.00 50000.00 50000.00 50000.00 50000.00 50000.00 50000.00 50000.00 50000.00 50000.00 50000.00 50000.00
50000.00 2359.95 1744.10 2045.85 1296.50 50000.00 50000.00 3046.58 1260.85 50000.00 660.15 3573.66 50000.00 50000.00 50000.00 363.76 50000.00 50000.00
560.16 510.00 345.04 714.41 365.10 410.92 280.97 488.52 377.53 646.05 351.51 1009.90 245.77 474.11 414.99 687.37 330.15 411.81
105.37 124.58 137.86 127.24 79.38 96.49 106.91 1282.35 79.24 195.19 79.11 307.35 133.93 128.81 416.57 124.81 280.62 416.13
0.63 0.63 1.45 0.64 0.61 0.61 0.63 0.59 0.61 1.35 1.30 1.35 5.71 1.22 10.14 1.28 4.42 2.18
1275.22 198.32 551.32 4536.21 2621.47 50000.00 2417.40 673.05 2605.15 380.03 195.65 432.57 162.66 1712.18 104.51 50000.00 789.01 149.62
50000.00 50000.00 50000.00 4653.30 50000.00 50000.00 50000.00 50000.00 50000.00 50000.00 2801.15 50000.00 1519.95 50000.00 50000.00 50000.00 50000.00 50000.00
112.00 86.88 239.90 30.65 142.27 28.74 34.91 39.60 140.10 47.23 70.42 38.11 60.90 120.92 37.91 47.89 132.18 85.00
0.01 0.01 0.02 0.01 0.01 0.01 0.01 0.01 0.01 0.01 0.01 0.01 0.05 0.01 0.02 0.01 0.04 0.04
96.32 31.71 93.32 40.29 18.41 41.78 51.20 102.68 18.68 47.60 30.42 52.26 142.02 56.79 139.12 21.09 24.65 168.71
368.12 162.98 50000.00 3387.73 2599.16 2471.29 2904.50 321.53 50000.00 1111.10 309.21 427.06 50000.00 2838.25 50000.00 4394.07 50000.00 50000.00
360.31 50000.00 197.84 1368.35 39.89 838.48 340.51 50000.00 40.06 317.74 413.07 2109.75 483.83 334.72 1813.51 936.54 980.93 50000.00
356.17 602.45 147.85 532.86 340.58 228.25 224.91 448.45 345.32 377.45 373.12 500.42 215.30 406.14 209.85 223.78 228.79 109.92
50000.00 3577.65 50000.00 50000.00 50000.00 50000.00 50000.00 50000.00 50000.00 50000.00 4229.32 50000.00 4758.42 50000.00 50000.00 50000.00 50000.00 2605.99
3.53 2.23 6.91 2.71 2.40 1.92 2.29 2.57 2.52 5.88 4.25 4.28 23.58 3.58 7.64 4.50 16.61 18.21
3910.84 2501.69 1799.30 50000.00 50000.00 50000.00 2510.62 50000.00 1699.03 3628.52 1167.10 4343.27 1641.24 2358.62 1940.10 50000.00 642.93 2065.66
50000.00 50000.00 50000.00 50000.00 50000.00 50000.00 50000.00 50000.00 50000.00 50000.00 50000.00 50000.00 50000.00 50000.00 50000.00 50000.00 50000.00 50000.00
876.40 159.08 1106.96 595.05 239.78 77.44 32.17 346.90 240.13 420.19 987.97 54.81 405.10 268.18 131.20 50000.00 269.06 504.29
288.68 198.95 229.49 472.23 534.00 438.32 537.25 362.03 577.44 600.22 311.08 265.96 491.90 781.15 271.06 382.08 395.94 352.44
50000.00 50000.00 50000.00 50000.00 50000.00 50000.00 50000.00 50000.00 50000.00 50000.00 50000.00 50000.00 50000.00 50000.00 50000.00 50000.00 50000.00 50000.00
50000.00 50000.00 50000.00 50000.00 50000.00 50000.00 50000.00 50000.00 50000.00 50000.00 50000.00 50000.00 50000.00 50000.00 50000.00 50000.00 50000.00 50000.00
39.92 46.39 34.97 43.38 41.53 44.54 45.72 39.91 41.51 204.17 76.12 25.51 18.32 17.52 23.75 19.47 16.59 47.79
1771.37 703.93 1650.26 769.67 50000.00 50000.00 50000.00 323.64 50000.00 50000.00 50000.00 50000.00 604.53 50000.00 734.86 50000.00 2365.08 658.02
6.58 5.72 8.91 7.73 3.92 5.91 5.30 4.50 3.97 5.71 3.55 6.98 26.66 7.21 30.08 3.87 19.29 22.75
50000.00 50000.00 50000.00 50000.00 50000.00 50000.00 50000.00 50000.00 50000.00 50000.00 50000.00 50000.00 50000.00 50000.00 50000.00 50000.00 50000.00 50000.00
50000.00 50000.00 50000.00 50000.00 50000.00 50000.00 50000.00 50000.00 50000.00 50000.00 50000.00 50000.00 50000.00 50000.00 50000.00 50000.00 50000.00 50000.00
2695.50 4820.18 1762.20 2366.22 3973.74 4017.50 2760.13 50000.00 3885.32 50000.00 510.89 1228.20 50000.00 2486.84 50000.00 2561.97 50000.00 2605.02
50000.00 50000.00 50000.00 50000.00 50000.00 50000.00 50000.00 50000.00 50000.00 50000.00 50000.00 50000.00 50000.00 50000.00 50000.00 50000.00 50000.00 50000.00
0.53 0.52 1.30 0.60 0.51 0.51 50000.00 0.59 0.51 3.24 3.33 3.34 1.27 3.33 2.10 3.32 1.93 6.84
50000.00 50000.00 50000.00 50000.00 50000.00 50000.00 50000.00 50000.00 50000.00 50000.00 50000.00 50000.00 50000.00 50000.00 50000.00 50000.00 50000.00 50000.00
438.23 238.53 331.76 465.09 359.90 214.20 180.67 685.73 287.45 191.81 102.93 231.69 270.12 182.87 330.56 524.17 516.58 314.95
0.42 0.39 1.04 0.48 0.38 0.37 0.40 0.39 0.38 2.43 0.67 0.80 4.33 0.66 2.34 0.76 3.56 2.31
532.45 201.28 50000.00 4971.39 3061.29 3643.85 4057.21 319.06 50000.00 573.47 258.79 272.24 50000.00 50000.00 50000.00 3445.72 50000.00 50000.00
1373.96 50000.00 142.35 149.10 933.23 1720.85 210.55 50000.00 833.83 781.08 245.98 645.91 1490.97 862.43 50000.00 129.66 50000.00 50000.00
1.30 1.31 4.43 1.40 1.24 1.24 1.29 1.65 1.24 3.63 3.24 3.48 15.72 3.16 10.91 3.36 16.23 10.27
54.50 56.28 50000.00 58.51 54.71 59.59 61.95 63.91 54.92 36.34 29.31 39.73 137.38 31.49 501.80 44.14 168.92 110.56
50000.00 3122.96 50000.00 50000.00 50000.00 50000.00 50000.00 50000.00 50000.00 50000.00 3798.10 50000.00 50000.00 4930.12 50000.00 50000.00 50000.00 4487.98
1.16 1.24 5.50 1.65 0.96 1.08 1.01 1.12 0.96 2.03 1.59 1.63 3.77 2.04 9.51 1.80 5.03 10.54
2.48 2.55 1.46 1.80 1.40 1.45 8.51 1.67 1.41 2583.51 1122.56 1.82 4.70 1.72 50000.00 154.71 11.28 50000.00
0.21 0.21 0.33 0.22 0.16 0.17 0.17 0.31 0.16 0.42 0.28 0.38 1.25 0.25 0.44 0.34 1.03 0.36
50000.00 50000.00 50000.00 50000.00 50000.00 50000.00 50000.00 50000.00 50000.00 50000.00 50000.00 50000.00 50000.00 50000.00 50000.00 50000.00 50000.00 50000.00
1.48 1.48 2.89 1.59 1.35 1.37 1.41 1.38 1.37 3.03 3.09 3.23 9.42 2.81 11.46 2.89 12.56 5.14
50000.00 3016.98 50000.00 3087.69 4239.39 4288.48 2911.72 50000.00 3949.80 4987.71 2224.83 4296.55 50000.00 50000.00 1939.51 50000.00 4256.35 968.96
363.97 50000.00 1237.38 1335.29 39.78 836.94 339.77 50000.00 40.07 290.35 412.80 2329.18 50000.00 334.94 1823.49 936.62 274.57 50000.00
366.77 212.31 310.20 470.87 272.69 249.41 186.03 617.70 244.40 195.10 99.54 215.74 304.63 201.15 360.17 478.59 535.96 307.92
2.25 2.49 4.22 2.70 2.76 2.30 2.21 2.01 2.67 3.65 3.13 3.10 12.39 3.15 13.81 2.86 7.95 3.86
35.54 19.74 39.61 21.20 44.80 46.00 81.71 19.09 48.48 115.94 80.17 58.20 37.41 59.63 49.25 377.01 117.63 44.54
1871.05 50000.00 2059.14 1750.95 1495.54 1543.91 2189.35 50000.00 1376.76 50000.00 50000.00 50000.00 50000.00 1536.80 2693.59 2114.50 50000.00 50000.00
117.10 28.80 32.34 19.86 965.62 675.17 206.51 11.36 1069.08 1195.23 1240.22 1238.70 17.80 305.49 34.07 352.92 57.84 31.28
776.48 50000.00 50000.00 45.31 636.64 76.09 413.46 50000.00 657.63 50000.00 968.72 50000.00 96.24 443.54 130.36 261.23 422.15 28.07
50000.00 50000.00 50000.00 50000.00 50000.00 50000.00 50000.00 50000.00 50000.00 50000.00 50000.00 50000.00 50000.00 50000.00 50000.00 50000.00 50000.00 50000.00
26.93 19.82 28.01 27.77 19.71 18.68 20.03 29.64 20.54 19.84 12.67 19.47 36.48 14.94 66.66 15.69 50.74 37.15
50000.00 50000.00 50000.00 50000.00 50000.00 50000.00 50000.00 50000.00 50000.00 50000.00 50000.00 50000.00 50000.00 50000.00 50000.00 50000.00 50000.00 50000.00
50000.00 50000.00 50000.00 50000.00 50000.00 50000.00 50000.00 50000.00 50000.00 50000.00 50000.00 50000.00 50000.00 50000.00 50000.00 50000.00 50000.00 50000.00
0.10 0.12 0.22 0.07 0.09 0.14 0.09 0.17 0.09 0.63 0.44 0.33 0.86 0.11 1.60 0.17 0.58 8.39
1.22 1.27 5.02 1.39 1.23 1.25 1.27 1.40 1.24 50000.00 1051.60 50000.00 1267.98 50000.00 50000.00 2240.91 1833.47 50000.00
820.59 3204.38 2908.57 1309.16 886.67 1000.25 50000.00 4999.77 188.93 50000.00 50000.00 2168.68 1707.88 50000.00 50000.00 50000.00 50000.00 50000.00
50000.00 2122.47 50000.00 50000.00 50000.00 50000.00 50000.00 50000.00 50000.00 50000.00 50000.00 50000.00 891.68 50000.00 50000.00 50000.00 50000.00 50000.00
1.05 1.03 2.24 0.95 0.79 0.88 0.83 0.82 0.80 1.81 1.54 1.78 12.38 1.50 8.92 1.61 9.64 6.75
2063.36 2605.08 2329.02 2723.85 1455.40 1731.35 3173.19 2764.54 1501.44 50000.00 3764.88 50000.00 3425.26 4455.05 50000.00 4093.08 3880.60 50000.00
5.58 6.42 9.86 5.37 5.52 4.63 5.72 5.10 5.57 9.66 6.94 7.20 20.45 6.94 24.49 7.54 10.85 8.04
105.10 50000.00 211.90 356.80 63.29 184.94 200.16 50000.00 46.54 2386.95 511.45 1053.04 124.81 99.20 45.08 196.09 222.51 617.62
0.35 0.35 0.67 0.40 0.35 0.36 0.38 0.37 0.35 0.47 0.41 0.45 1.97 0.40 0.26 0.48 1.38 0.54
50000.00 3109.26 2968.46 50000.00 50000.00 50000.00 2990.49 50000.00 50000.00 3082.60 1912.22 2658.12 2536.87 3680.88 4496.90 50000.00 50000.00 2108.85
76.11 58.29 324.69 70.44 65.95 64.38 74.10 240.81 65.47 16.00 6.52 14.81 61.84 11.19 747.77 23.68 150.44 1508.62
3.84 3.10 17.37 3.11 4.84 3.99 3.90 3.26 4.81 7.72 3.74 4.93 7.87 6.22 18.09 6.33 8.65 21.74
50000.00 2079.26 50000.00 50000.00 50000.00 50000.00 50000.00 2299.65 50000.00 2589.94 2052.83 2230.26 50000.00 50000.00 50000.00 50000.00 50000.00 50000.00
972.18 587.61 173.46 138.53 118.54 540.30 25.63 2571.16 106.22 78.94 274.06 801.07 213.71 335.81 1493.60 287.44 22.62 2369.40
50000.00 50000.00 50000.00 50000.00 50000.00 50000.00 50000.00 50000.00 50000.00 50000.00 50000.00 50000.00 50000.00 50000.00 50000.00 50000.00 50000.00 50000.00
50000.00 2543.95 1222.40 888.12 2507.51 2561.68 401.18 2180.05 2477.29 872.07 225.81 407.92 592.26 598.16 274.60 863.63 400.00 71.34
50000.00 50000.00 50000.00 50000.00 50000.00 50000.00 50000.00 50000.00 50000.00 50000.00 50000.00 50000.00 50000.00 50000.00 50000.00 50000.00 50000.00 50000.00
0.58 0.41 2.85 0.52 0.46 0.39 0.50 0.41 0.47 1.30 1.06 1.02 42.82 0.94 4.97 1.10 6.75 7.02
408.17 50000.00 3738.36 3360.77 580.62 1352.96 583.09 50000.00 620.60 50000.00 50000.00 50000.00 673.35 824.64 1124.53 465.11 2188.16 50000.00
0.60 0.58 0.18 0.61 0.58 0.57 0.60 0.60 0.58 1.09 1.08 1.02 0.90 0.99 0.45 1.03 0.24 0.90
1103.20 2886.62 2240.44 50000.00 1943.93 1691.84 50000.00 1058.67 1966.85 50000.00 50000.00 50000.00 3795.16 50000.00 2234.60 50000.00 50000.00 50000.00
77.22 66.46 64.97 116.06 80.90 83.65 78.79 88.58 79.70 57.11 55.55 82.87 63.00 75.02 100.87 120.25 64.81 73.64
0.45 0.45 1.00 0.53 0.45 0.45 50000.00 0.50 0.45 1.17 1.12 1.13 2.60 1.13 0.60 1.13 5.33 16.34
50000.00 50000.00 50000.00 50000.00 50000.00 50000.00 50000.00 50000.00 50000.00 50000.00 50000.00 50000.00 50000.00 50000.00 50000.00 50000.00 50000.00 50000.00
418.75 205.38 338.35 429.23 288.02 295.90 171.07 608.78 272.11 195.51 108.83 277.24 315.29 199.70 312.95 514.94 523.08 316.86
50000.00 50000.00 1721.71 50000.00 1474.65 50000.00 4596.78 50000.00 1356.27 50000.00 50000.00 1901.51 50000.00 50000.00 50000.00 1508.67 745.08 50000.00
2.90 2.94 5.87 3.06 2.91 2.91 50000.00 3.14 2.92 11.72 12.26 11.57 1.95 11.28 8.41 12.39 4.68 32.57
50000.00 50000.00 50000.00 50000.00 50000.00 50000.00 50000.00 50000.00 50000.00 50000.00 50000.00 50000.00 50000.00 50000.00 50000.00 50000.00 50000.00 50000.00
50000.00 50000.00 50000.00 50000.00 50000.00 50000.00 50000.00 50000.00 50000.00 1761.96 4152.96 2965.45 50000.00 50000.00 50000.00 50000.00 3632.30 50000.00
40.54 23.70 171.93 27.12 20.89 24.19 27.73 19.69 21.00 249.80 25.52 42.16 69.53 65.53 37.49 90.85 189.50 78.98
50000.00 50000.00 0.37 6.80 50000.00 50000.00 50000.00 3.92 50000.00 0.37 0.35 0.35 3.95 0.35 41.75 0.35 1.33 0.68
3033.57 50000.00 337.07 1455.08 91.16 1202.56 372.86 50000.00 494.35 50000.00 50000.00 50000.00 50000.00 50000.00 50000.00 50000.00 261.14 50000.00
1183.10 2233.65 117.99 1790.46 2922.30 50000.00 2153.29 2260.26 2933.00 452.09 2125.29 941.68 591.24 1520.85 198.00 50000.00 72.00 195.50
50000.00 50000.00 1095.17 50000.00 50000.00 2082.64 50000.00 50000.00 50000.00 1419.22 50000.00 50000.00 50000.00 50000.00 50000.00 50000.00 4689.93 50000.00
105.01 159.30 39.37 97.78 79.41 83.79 44.46 1749.99 79.70 40.64 9.64 50.27 105.40 38.50 96.69 21.14 461.59 76.85
111.78 200.92 51.52 71.94 79.65 85.05 156.63 303.38 80.24 26.58 29.14 91.73 59.92 38.86 521.07 18.90 137.79 103.95
75.87 67.47 197.25 96.50 55.21 73.54 56.54 170.47 59.87 7.30 6.88 58.60 88.76 14.52 554.25 25.74 208.90 844.54
0.02 0.01 0.04 0.02 0.01 0.01 0.01 0.01 0.01 0.05 0.03 0.04 0.12 0.02 0.02 0.03 0.10 0.06
50000.00 50000.00 50000.00 50000.00 50000.00 50000.00 50000.00 50000.00 50000.00 50000.00 50000.00 50000.00 2164.05 50000.00 50000.00 50000.00 50000.00 50000.00
111.70 86.53 99.45 196.68 497.17 236.38 174.36 105.92 497.96 448.13 164.28 398.47 87.35 211.76 75.17 1084.41 228.27 110.47
0.75 0.58 1.52 0.59 0.54 0.61 0.56 0.58 0.54 1.17 1.05 1.20 8.66 1.12 6.17 1.20 7.03 7.13
3229.70 1058.44 218.30 50000.00 50000.00 4962.99 1722.91 50000.00 50000.00 1784.90 940.78 1227.02 849.73 1795.31 503.90 2042.83 319.03 408.64
83.48 51.87 175.01 98.14 98.02 88.05 80.67 66.02 96.05 90.46 54.53 97.52 112.28 77.08 141.95 105.69 103.66 98.44
18.57 13.48 48.89 19.42 12.96 12.10 22.38 15.59 13.15 13.54 10.17 12.77 33.13 12.06 73.19 14.07 15.53 21.24
1006.87 1032.84 1126.09 1484.19 1477.67 1733.93 1300.57 1203.13 921.39 1583.89 971.12 1143.73 911.70 1412.60 2263.05 1070.60 1428.65 1734.96
50000.00 50000.00 50000.00 50000.00 50000.00 50000.00 50000.00 50000.00 50000.00 50000.00 50000.00 50000.00 50000.00 50000.00 50000.00 50000.00 50000.00 50000.00
50000.00 50000.00 50000.00 50000.00 50000.00 50000.00 50000.00 50000.00 50000.00 50000.00 50000.00 50000.00 50000.00 50000.00 2632.81 50000.00 50000.00 50000.00
3228.41 2343.35 2663.29 50000.00 50000.00 50000.00 4734.67 4260.33 50000.00 50000.00 2565.14 50000.00 1803.04 50000.00 1910.73 50000.00 3856.36 1428.89
50000.00 859.25 1664.58 50000.00 50000.00 50000.00 50000.00 50000.00 50000.00 50000.00 50000.00 4039.51 1759.66 50000.00 1122.82 50000.00 50000.00 809.91
1065.89 640.64 388.05 507.59 369.60 332.91 445.12 2865.36 335.59 175.20 120.93 508.80 508.44 44.58 2218.47 291.61 533.84 235.34
1181.21 399.98 815.87 545.69 306.66 227.34 85.17 1631.76 314.10 196.88 170.88 103.53 611.06 483.16 311.66 286.27 51.46 242.71
39.84 19.60 24.85 83.40 1910.03 185.22 209.85 19.09 705.81 44.29 22.89 21.15 39.52 320.25 92.83 1559.00 110.23 52.70
1709.79 136.85 1893.12 1459.10 1572.89 50000.00 823.09 1553.80 920.17 527.93 347.46 1474.44 517.76 842.47 715.30 1313.19 847.78 540.00
50000.00 50000.00 50000.00 50000.00 50000.00 50000.00 50000.00 50000.00 50000.00 50000.00 3186.31 50000.00 4491.35 50000.00 50000.00 50000.00 50000.00 2417.94
50000.00 326.51 50000.00 50000.00 50000.00 50000.00 50000.00 2794.29 50000.00 3288.45 3240.88 2841.33 50000.00 50000.00 294.40 50000.00 50000.00 195.02
59.35 43.20 155.50 158.99 91.82 60.01 91.22 54.89 92.95 68.34 29.85 37.09 91.39 93.57 40.51 64.63 62.52 72.37
39.01 26.30 31.31 66.83 2139.04 71.42 401.03 23.71 50000.00 47.61 45.82 37.37 50.87 274.24 168.70 158.28 67.35 105.97
606.14 498.04 675.09 854.73 440.73 649.77 444.46 50000.00 444.52 1124.40 991.48 3288.58 883.44 618.41 712.34 50000.00 953.29 1126.59
50000.00 50000.00 50000.00 50000.00 50000.00 50000.00 50000.00 50000.00 50000.00 50000.00 50000.00 50000.00 50000.00 50000.00 50000.00 50000.00 50000.00 50000.00
50000.00 50000.00 50000.00 50000.00 50000.00 50000.00 3373.73 50000.00 50000.00 50000.00 50000.00 50000.00 50000.00 2719.80 79.24 50000.00 4642.44 93.66
1.59 1.52 3.37 1.71 1.50 1.52 1.54 1.60 1.51 3.70 3.49 3.60 15.00 3.65 15.88 4.10 10.59 9.92
